{
 "cells": [
  {
   "cell_type": "code",
   "execution_count": 30,
   "id": "91a4ef6c",
   "metadata": {},
   "outputs": [],
   "source": [
    "import time\n",
    "import random\n",
    "import math\n",
    "import psutil\n",
    "import os\n",
    "import tracemalloc\n",
    "import csv\n",
    "from datetime import datetime"
   ]
  },
  {
   "cell_type": "code",
   "execution_count": 31,
   "id": "203dc3af",
   "metadata": {},
   "outputs": [],
   "source": [
    "def merge_sort(arr):\n",
    "    if len(arr) > 1:\n",
    "        mid = len(arr) // 2\n",
    "        left_half = arr[:mid]\n",
    "        right_half = arr[mid:]\n",
    "\n",
    "        merge_sort(left_half)\n",
    "        merge_sort(right_half)\n",
    "\n",
    "        i, j, k = 0, 0, 0\n",
    "        while i < len(left_half) and j < len(right_half):\n",
    "            if left_half[i] < right_half[j]:\n",
    "                arr[k] = left_half[i]\n",
    "                i += 1\n",
    "            else:\n",
    "                arr[k] = right_half[j]\n",
    "                j += 1\n",
    "            k += 1\n",
    "\n",
    "        while i < len(left_half):\n",
    "            arr[k] = left_half[i]\n",
    "            i += 1\n",
    "            k += 1\n",
    "\n",
    "        while j < len(right_half):\n",
    "            arr[k] = right_half[j]\n",
    "            j += 1\n",
    "            k += 1\n",
    "\n",
    "def quick_sort(arr):\n",
    "    if len(arr) <= 1:\n",
    "        return arr\n",
    "    else:\n",
    "        pivot = arr[len(arr) // 2]\n",
    "        left = [x for x in arr if x < pivot]\n",
    "        middle = [x for x in arr if x == pivot]\n",
    "        right = [x for x in arr if x > pivot]\n",
    "        return quick_sort(left) + middle + quick_sort(right)\n",
    "\n",
    "def selection_sort(arr):\n",
    "    for i in range(len(arr)):\n",
    "        min_idx = i\n",
    "        for j in range(i+1, len(arr)):\n",
    "            if arr[j] < arr[min_idx]:\n",
    "                min_idx = j\n",
    "        arr[i], arr[min_idx] = arr[min_idx], arr[i]\n",
    "\n",
    "def block_sort(arr):\n",
    "    n = len(arr)\n",
    "    if n <= 1:\n",
    "        return arr\n",
    "\n",
    "    block_size = int(math.sqrt(n))\n",
    "    blocks = [[] for _ in range(block_size)]\n",
    "\n",
    "    max_value = max(arr)\n",
    "    min_value = min(arr)\n",
    "    range_value = max_value - min_value\n",
    "\n",
    "    for num in arr:\n",
    "        index = (num - min_value) * block_size // (range_value + 1)\n",
    "        blocks[index].append(num)\n",
    "\n",
    "    print(f\"Before sorting blocks: {blocks}\")\n",
    "\n",
    "    for block in blocks:\n",
    "        block.sort()\n",
    "\n",
    "    print(f\"After sorting blocks: {blocks}\")\n",
    "\n",
    "    sorted_arr = []\n",
    "    for block in blocks:\n",
    "        sorted_arr.extend(block)\n",
    "\n",
    "    print(f\"Sorted array: {sorted_arr}\")\n",
    "    \n",
    "    return sorted_arr\n",
    "\n",
    "def measure_time_and_memory(arr, sort_function):\n",
    "    tracemalloc.start()\n",
    "    start_time = time.time()\n",
    "    sort_function(arr)\n",
    "    end_time = time.time()\n",
    "    current, peak = tracemalloc.get_traced_memory()\n",
    "    tracemalloc.stop()\n",
    "    return end_time - start_time, peak / (1024 * 1024)  # Convert to MB\n",
    "\n",
    "def generate_best_case(n):\n",
    "    return list(range(n))\n",
    "\n",
    "def generate_worst_case(n):\n",
    "    return list(range(n, 0, -1))\n",
    "\n",
    "def generate_average_case(n):\n",
    "    arr = list(range(n))\n",
    "    random.shuffle(arr)\n",
    "    return arr\n",
    "\n",
    "def read_input_file(filename):\n",
    "    with open(filename, 'r') as file:\n",
    "        sizes = list(map(int, file.readline().strip().split()))\n",
    "        algorithm = file.readline().strip()\n",
    "    return sizes, algorithm\n",
    "\n",
    "def get_sort_function(algorithm_name):\n",
    "    if algorithm_name == \"BlockSort\":\n",
    "        return block_sort\n",
    "    else:\n",
    "        raise ValueError(f\"Algoritmo desconhecido: {algorithm_name}\")\n",
    "\n",
    "def main():\n",
    "    sizes, algorithm_name = read_input_file('input.txt')\n",
    "    sort_function = get_sort_function(algorithm_name)\n",
    "    log_file = 'sort_performance_log.csv'\n",
    "\n",
    "    if not os.path.exists(log_file):\n",
    "        with open(log_file, 'w', newline='') as csvfile:\n",
    "            fieldnames = ['timestamp', 'algorithm', 'size', 'case', 'time', 'memory']\n",
    "            writer = csv.DictWriter(csvfile, fieldnames=fieldnames)\n",
    "            writer.writeheader()\n",
    "\n",
    "    for size in sizes:\n",
    "        cases = ['melhor', 'pior', 'medio']\n",
    "        case_generators = [generate_best_case, generate_worst_case, generate_average_case]\n",
    "\n",
    "        for case, gen_case in zip(cases, case_generators):\n",
    "            if case == 'medio':\n",
    "                times = []\n",
    "                memories = []\n",
    "                for _ in range(5):\n",
    "                    arr = gen_case(size)\n",
    "                    time_spent, memory_used = measure_time_and_memory(arr, sort_function)\n",
    "                    times.append(time_spent)\n",
    "                    memories.append(memory_used)\n",
    "                avg_time = sum(times) / len(times)\n",
    "                avg_memory = sum(memories) / len(memories)\n",
    "                log_entry = {\n",
    "                    'timestamp': datetime.now().strftime('%Y-%m-%d %H:%M:%S'),\n",
    "                    'algorithm': algorithm_name,\n",
    "                    'size': size,\n",
    "                    'case': case,\n",
    "                    'time': avg_time,\n",
    "                    'memory': avg_memory\n",
    "                }\n",
    "                print(f\"{log_entry['timestamp']}, {algorithm_name}, {size}, {case}, {avg_time:.6f}, {avg_memory:.6f} MB\")\n",
    "            else:\n",
    "                arr = gen_case(size)\n",
    "                time_spent, memory_used = measure_time_and_memory(arr, sort_function)\n",
    "                log_entry = {\n",
    "                    'timestamp': datetime.now().strftime('%Y-%m-%d %H:%M:%S'),\n",
    "                    'algorithm': algorithm_name,\n",
    "                    'size': size,\n",
    "                    'case': case,\n",
    "                    'time': time_spent,\n",
    "                    'memory': memory_used\n",
    "                }\n",
    "                print(f\"{log_entry['timestamp']}, {algorithm_name}, {size}, {case}, {time_spent:.6f}, {memory_used:.6f} MB\")\n",
    "\n",
    "            with open(log_file, 'a', newline='') as csvfile:\n",
    "                fieldnames = ['timestamp', 'algorithm', 'size', 'case', 'time', 'memory']\n",
    "                writer = csv.DictWriter(csvfile, fieldnames=fieldnames)\n",
    "                writer.writerow(log_entry)"
   ]
  },
  {
   "cell_type": "code",
   "execution_count": 33,
   "id": "0e496a9f",
   "metadata": {},
   "outputs": [
    {
     "name": "stdout",
     "output_type": "stream",
     "text": [
      "Before sorting blocks: [[0, 1, 2, 3], [4, 5, 6], [7, 8, 9]]\n",
      "After sorting blocks: [[0, 1, 2, 3], [4, 5, 6], [7, 8, 9]]\n",
      "Sorted array: [0, 1, 2, 3, 4, 5, 6, 7, 8, 9]\n",
      "2024-07-03 18:48:00, BlockSort, 10, melhor, 0.001001, 0.141870 MB\n",
      "Before sorting blocks: [[4, 3, 2, 1], [7, 6, 5], [10, 9, 8]]\n",
      "After sorting blocks: [[1, 2, 3, 4], [5, 6, 7], [8, 9, 10]]\n",
      "Sorted array: [1, 2, 3, 4, 5, 6, 7, 8, 9, 10]\n",
      "2024-07-03 18:48:00, BlockSort, 10, pior, 0.000000, 0.000831 MB\n",
      "Before sorting blocks: [[1, 2, 3, 0], [5, 4, 6], [7, 9, 8]]\n",
      "After sorting blocks: [[0, 1, 2, 3], [4, 5, 6], [7, 8, 9]]\n",
      "Sorted array: [0, 1, 2, 3, 4, 5, 6, 7, 8, 9]\n",
      "Before sorting blocks: [[0, 2, 1, 3], [5, 4, 6], [9, 8, 7]]\n",
      "After sorting blocks: [[0, 1, 2, 3], [4, 5, 6], [7, 8, 9]]\n",
      "Sorted array: [0, 1, 2, 3, 4, 5, 6, 7, 8, 9]\n",
      "Before sorting blocks: [[3, 1, 2, 0], [5, 6, 4], [8, 7, 9]]\n",
      "After sorting blocks: [[0, 1, 2, 3], [4, 5, 6], [7, 8, 9]]\n",
      "Sorted array: [0, 1, 2, 3, 4, 5, 6, 7, 8, 9]\n",
      "Before sorting blocks: [[1, 2, 0, 3], [4, 6, 5], [9, 8, 7]]\n",
      "After sorting blocks: [[0, 1, 2, 3], [4, 5, 6], [7, 8, 9]]\n",
      "Sorted array: [0, 1, 2, 3, 4, 5, 6, 7, 8, 9]\n",
      "Before sorting blocks: [[3, 2, 0, 1], [4, 6, 5], [9, 7, 8]]\n",
      "After sorting blocks: [[0, 1, 2, 3], [4, 5, 6], [7, 8, 9]]\n",
      "Sorted array: [0, 1, 2, 3, 4, 5, 6, 7, 8, 9]\n",
      "2024-07-03 18:48:00, BlockSort, 10, medio, 0.000366, 0.000932 MB\n",
      "Before sorting blocks: [[0, 1, 2, 3, 4, 5, 6, 7], [8, 9, 10, 11, 12, 13, 14], [15, 16, 17, 18, 19, 20, 21], [22, 23, 24, 25, 26, 27, 28], [29, 30, 31, 32, 33, 34, 35], [36, 37, 38, 39, 40, 41, 42], [43, 44, 45, 46, 47, 48, 49]]\n",
      "After sorting blocks: [[0, 1, 2, 3, 4, 5, 6, 7], [8, 9, 10, 11, 12, 13, 14], [15, 16, 17, 18, 19, 20, 21], [22, 23, 24, 25, 26, 27, 28], [29, 30, 31, 32, 33, 34, 35], [36, 37, 38, 39, 40, 41, 42], [43, 44, 45, 46, 47, 48, 49]]\n",
      "Sorted array: [0, 1, 2, 3, 4, 5, 6, 7, 8, 9, 10, 11, 12, 13, 14, 15, 16, 17, 18, 19, 20, 21, 22, 23, 24, 25, 26, 27, 28, 29, 30, 31, 32, 33, 34, 35, 36, 37, 38, 39, 40, 41, 42, 43, 44, 45, 46, 47, 48, 49]\n",
      "2024-07-03 18:48:00, BlockSort, 50, melhor, 0.000000, 0.002338 MB\n",
      "Before sorting blocks: [[8, 7, 6, 5, 4, 3, 2, 1], [15, 14, 13, 12, 11, 10, 9], [22, 21, 20, 19, 18, 17, 16], [29, 28, 27, 26, 25, 24, 23], [36, 35, 34, 33, 32, 31, 30], [43, 42, 41, 40, 39, 38, 37], [50, 49, 48, 47, 46, 45, 44]]\n",
      "After sorting blocks: [[1, 2, 3, 4, 5, 6, 7, 8], [9, 10, 11, 12, 13, 14, 15], [16, 17, 18, 19, 20, 21, 22], [23, 24, 25, 26, 27, 28, 29], [30, 31, 32, 33, 34, 35, 36], [37, 38, 39, 40, 41, 42, 43], [44, 45, 46, 47, 48, 49, 50]]\n",
      "Sorted array: [1, 2, 3, 4, 5, 6, 7, 8, 9, 10, 11, 12, 13, 14, 15, 16, 17, 18, 19, 20, 21, 22, 23, 24, 25, 26, 27, 28, 29, 30, 31, 32, 33, 34, 35, 36, 37, 38, 39, 40, 41, 42, 43, 44, 45, 46, 47, 48, 49, 50]\n",
      "2024-07-03 18:48:00, BlockSort, 50, pior, 0.000681, 0.001884 MB\n",
      "Before sorting blocks: [[7, 0, 5, 1, 2, 4, 3, 6], [13, 11, 12, 14, 8, 9, 10], [16, 20, 17, 19, 18, 15, 21], [27, 25, 23, 22, 24, 28, 26], [29, 32, 35, 31, 33, 34, 30], [36, 40, 41, 37, 39, 38, 42], [46, 43, 47, 49, 45, 44, 48]]\n",
      "After sorting blocks: [[0, 1, 2, 3, 4, 5, 6, 7], [8, 9, 10, 11, 12, 13, 14], [15, 16, 17, 18, 19, 20, 21], [22, 23, 24, 25, 26, 27, 28], [29, 30, 31, 32, 33, 34, 35], [36, 37, 38, 39, 40, 41, 42], [43, 44, 45, 46, 47, 48, 49]]\n",
      "Sorted array: [0, 1, 2, 3, 4, 5, 6, 7, 8, 9, 10, 11, 12, 13, 14, 15, 16, 17, 18, 19, 20, 21, 22, 23, 24, 25, 26, 27, 28, 29, 30, 31, 32, 33, 34, 35, 36, 37, 38, 39, 40, 41, 42, 43, 44, 45, 46, 47, 48, 49]\n",
      "Before sorting blocks: [[5, 3, 1, 2, 4, 6, 0, 7], [11, 13, 12, 9, 14, 8, 10], [16, 21, 17, 20, 18, 19, 15], [27, 25, 26, 22, 28, 24, 23], [31, 33, 32, 35, 34, 29, 30], [39, 37, 40, 41, 42, 38, 36], [45, 44, 49, 47, 48, 43, 46]]\n",
      "After sorting blocks: [[0, 1, 2, 3, 4, 5, 6, 7], [8, 9, 10, 11, 12, 13, 14], [15, 16, 17, 18, 19, 20, 21], [22, 23, 24, 25, 26, 27, 28], [29, 30, 31, 32, 33, 34, 35], [36, 37, 38, 39, 40, 41, 42], [43, 44, 45, 46, 47, 48, 49]]\n",
      "Sorted array: [0, 1, 2, 3, 4, 5, 6, 7, 8, 9, 10, 11, 12, 13, 14, 15, 16, 17, 18, 19, 20, 21, 22, 23, 24, 25, 26, 27, 28, 29, 30, 31, 32, 33, 34, 35, 36, 37, 38, 39, 40, 41, 42, 43, 44, 45, 46, 47, 48, 49]\n",
      "Before sorting blocks: [[3, 0, 4, 7, 1, 5, 6, 2], [12, 11, 9, 14, 10, 8, 13], [17, 15, 18, 21, 19, 20, 16], [26, 23, 27, 28, 25, 22, 24], [30, 32, 35, 31, 33, 29, 34], [37, 41, 38, 42, 36, 40, 39], [46, 43, 45, 49, 44, 47, 48]]\n",
      "After sorting blocks: [[0, 1, 2, 3, 4, 5, 6, 7], [8, 9, 10, 11, 12, 13, 14], [15, 16, 17, 18, 19, 20, 21], [22, 23, 24, 25, 26, 27, 28], [29, 30, 31, 32, 33, 34, 35], [36, 37, 38, 39, 40, 41, 42], [43, 44, 45, 46, 47, 48, 49]]\n",
      "Sorted array: [0, 1, 2, 3, 4, 5, 6, 7, 8, 9, 10, 11, 12, 13, 14, 15, 16, 17, 18, 19, 20, 21, 22, 23, 24, 25, 26, 27, 28, 29, 30, 31, 32, 33, 34, 35, 36, 37, 38, 39, 40, 41, 42, 43, 44, 45, 46, 47, 48, 49]\n",
      "Before sorting blocks: [[5, 3, 2, 1, 0, 4, 7, 6], [12, 10, 11, 14, 9, 13, 8], [16, 18, 20, 15, 21, 19, 17], [28, 25, 27, 26, 23, 24, 22], [29, 30, 32, 35, 34, 31, 33], [41, 39, 42, 38, 40, 37, 36], [48, 46, 44, 49, 45, 43, 47]]\n",
      "After sorting blocks: [[0, 1, 2, 3, 4, 5, 6, 7], [8, 9, 10, 11, 12, 13, 14], [15, 16, 17, 18, 19, 20, 21], [22, 23, 24, 25, 26, 27, 28], [29, 30, 31, 32, 33, 34, 35], [36, 37, 38, 39, 40, 41, 42], [43, 44, 45, 46, 47, 48, 49]]\n",
      "Sorted array: [0, 1, 2, 3, 4, 5, 6, 7, 8, 9, 10, 11, 12, 13, 14, 15, 16, 17, 18, 19, 20, 21, 22, 23, 24, 25, 26, 27, 28, 29, 30, 31, 32, 33, 34, 35, 36, 37, 38, 39, 40, 41, 42, 43, 44, 45, 46, 47, 48, 49]\n",
      "Before sorting blocks: [[4, 6, 5, 3, 1, 7, 0, 2], [12, 9, 13, 14, 11, 10, 8], [18, 17, 20, 21, 19, 15, 16], [27, 28, 25, 23, 24, 26, 22], [30, 32, 29, 31, 33, 35, 34], [36, 41, 37, 40, 39, 38, 42], [47, 45, 46, 43, 48, 44, 49]]\n",
      "After sorting blocks: [[0, 1, 2, 3, 4, 5, 6, 7], [8, 9, 10, 11, 12, 13, 14], [15, 16, 17, 18, 19, 20, 21], [22, 23, 24, 25, 26, 27, 28], [29, 30, 31, 32, 33, 34, 35], [36, 37, 38, 39, 40, 41, 42], [43, 44, 45, 46, 47, 48, 49]]\n",
      "Sorted array: [0, 1, 2, 3, 4, 5, 6, 7, 8, 9, 10, 11, 12, 13, 14, 15, 16, 17, 18, 19, 20, 21, 22, 23, 24, 25, 26, 27, 28, 29, 30, 31, 32, 33, 34, 35, 36, 37, 38, 39, 40, 41, 42, 43, 44, 45, 46, 47, 48, 49]\n",
      "2024-07-03 18:48:00, BlockSort, 50, medio, 0.000630, 0.002295 MB\n",
      "Before sorting blocks: [[0, 1, 2, 3, 4, 5, 6, 7, 8, 9], [10, 11, 12, 13, 14, 15, 16, 17, 18, 19], [20, 21, 22, 23, 24, 25, 26, 27, 28, 29], [30, 31, 32, 33, 34, 35, 36, 37, 38, 39], [40, 41, 42, 43, 44, 45, 46, 47, 48, 49], [50, 51, 52, 53, 54, 55, 56, 57, 58, 59], [60, 61, 62, 63, 64, 65, 66, 67, 68, 69], [70, 71, 72, 73, 74, 75, 76, 77, 78, 79], [80, 81, 82, 83, 84, 85, 86, 87, 88, 89], [90, 91, 92, 93, 94, 95, 96, 97, 98, 99]]\n",
      "After sorting blocks: [[0, 1, 2, 3, 4, 5, 6, 7, 8, 9], [10, 11, 12, 13, 14, 15, 16, 17, 18, 19], [20, 21, 22, 23, 24, 25, 26, 27, 28, 29], [30, 31, 32, 33, 34, 35, 36, 37, 38, 39], [40, 41, 42, 43, 44, 45, 46, 47, 48, 49], [50, 51, 52, 53, 54, 55, 56, 57, 58, 59], [60, 61, 62, 63, 64, 65, 66, 67, 68, 69], [70, 71, 72, 73, 74, 75, 76, 77, 78, 79], [80, 81, 82, 83, 84, 85, 86, 87, 88, 89], [90, 91, 92, 93, 94, 95, 96, 97, 98, 99]]\n",
      "Sorted array: [0, 1, 2, 3, 4, 5, 6, 7, 8, 9, 10, 11, 12, 13, 14, 15, 16, 17, 18, 19, 20, 21, 22, 23, 24, 25, 26, 27, 28, 29, 30, 31, 32, 33, 34, 35, 36, 37, 38, 39, 40, 41, 42, 43, 44, 45, 46, 47, 48, 49, 50, 51, 52, 53, 54, 55, 56, 57, 58, 59, 60, 61, 62, 63, 64, 65, 66, 67, 68, 69, 70, 71, 72, 73, 74, 75, 76, 77, 78, 79, 80, 81, 82, 83, 84, 85, 86, 87, 88, 89, 90, 91, 92, 93, 94, 95, 96, 97, 98, 99]\n",
      "2024-07-03 18:48:00, BlockSort, 100, melhor, 0.001728, 0.003905 MB\n",
      "Before sorting blocks: [[10, 9, 8, 7, 6, 5, 4, 3, 2, 1], [20, 19, 18, 17, 16, 15, 14, 13, 12, 11], [30, 29, 28, 27, 26, 25, 24, 23, 22, 21], [40, 39, 38, 37, 36, 35, 34, 33, 32, 31], [50, 49, 48, 47, 46, 45, 44, 43, 42, 41], [60, 59, 58, 57, 56, 55, 54, 53, 52, 51], [70, 69, 68, 67, 66, 65, 64, 63, 62, 61], [80, 79, 78, 77, 76, 75, 74, 73, 72, 71], [90, 89, 88, 87, 86, 85, 84, 83, 82, 81], [100, 99, 98, 97, 96, 95, 94, 93, 92, 91]]\n",
      "After sorting blocks: [[1, 2, 3, 4, 5, 6, 7, 8, 9, 10], [11, 12, 13, 14, 15, 16, 17, 18, 19, 20], [21, 22, 23, 24, 25, 26, 27, 28, 29, 30], [31, 32, 33, 34, 35, 36, 37, 38, 39, 40], [41, 42, 43, 44, 45, 46, 47, 48, 49, 50], [51, 52, 53, 54, 55, 56, 57, 58, 59, 60], [61, 62, 63, 64, 65, 66, 67, 68, 69, 70], [71, 72, 73, 74, 75, 76, 77, 78, 79, 80], [81, 82, 83, 84, 85, 86, 87, 88, 89, 90], [91, 92, 93, 94, 95, 96, 97, 98, 99, 100]]\n",
      "Sorted array: [1, 2, 3, 4, 5, 6, 7, 8, 9, 10, 11, 12, 13, 14, 15, 16, 17, 18, 19, 20, 21, 22, 23, 24, 25, 26, 27, 28, 29, 30, 31, 32, 33, 34, 35, 36, 37, 38, 39, 40, 41, 42, 43, 44, 45, 46, 47, 48, 49, 50, 51, 52, 53, 54, 55, 56, 57, 58, 59, 60, 61, 62, 63, 64, 65, 66, 67, 68, 69, 70, 71, 72, 73, 74, 75, 76, 77, 78, 79, 80, 81, 82, 83, 84, 85, 86, 87, 88, 89, 90, 91, 92, 93, 94, 95, 96, 97, 98, 99, 100]\n",
      "2024-07-03 18:48:00, BlockSort, 100, pior, 0.000000, 0.004667 MB\n",
      "Before sorting blocks: [[4, 8, 7, 2, 9, 0, 6, 1, 5, 3], [13, 12, 18, 16, 14, 17, 19, 10, 11, 15], [29, 28, 27, 23, 24, 20, 21, 22, 26, 25], [39, 36, 31, 38, 35, 32, 37, 30, 34, 33], [44, 42, 40, 47, 48, 45, 49, 46, 41, 43], [53, 56, 55, 59, 58, 52, 57, 54, 51, 50], [66, 67, 64, 62, 63, 65, 61, 60, 69, 68], [75, 76, 71, 70, 78, 77, 74, 79, 73, 72], [80, 86, 84, 88, 81, 85, 82, 83, 89, 87], [98, 92, 93, 99, 90, 95, 91, 96, 97, 94]]\n",
      "After sorting blocks: [[0, 1, 2, 3, 4, 5, 6, 7, 8, 9], [10, 11, 12, 13, 14, 15, 16, 17, 18, 19], [20, 21, 22, 23, 24, 25, 26, 27, 28, 29], [30, 31, 32, 33, 34, 35, 36, 37, 38, 39], [40, 41, 42, 43, 44, 45, 46, 47, 48, 49], [50, 51, 52, 53, 54, 55, 56, 57, 58, 59], [60, 61, 62, 63, 64, 65, 66, 67, 68, 69], [70, 71, 72, 73, 74, 75, 76, 77, 78, 79], [80, 81, 82, 83, 84, 85, 86, 87, 88, 89], [90, 91, 92, 93, 94, 95, 96, 97, 98, 99]]\n",
      "Sorted array: [0, 1, 2, 3, 4, 5, 6, 7, 8, 9, 10, 11, 12, 13, 14, 15, 16, 17, 18, 19, 20, 21, 22, 23, 24, 25, 26, 27, 28, 29, 30, 31, 32, 33, 34, 35, 36, 37, 38, 39, 40, 41, 42, 43, 44, 45, 46, 47, 48, 49, 50, 51, 52, 53, 54, 55, 56, 57, 58, 59, 60, 61, 62, 63, 64, 65, 66, 67, 68, 69, 70, 71, 72, 73, 74, 75, 76, 77, 78, 79, 80, 81, 82, 83, 84, 85, 86, 87, 88, 89, 90, 91, 92, 93, 94, 95, 96, 97, 98, 99]\n",
      "Before sorting blocks: [[8, 2, 6, 3, 1, 7, 0, 5, 4, 9], [16, 12, 13, 19, 18, 15, 10, 14, 11, 17], [27, 20, 28, 26, 29, 24, 21, 22, 23, 25], [31, 35, 32, 39, 37, 36, 38, 30, 33, 34], [49, 44, 48, 41, 40, 47, 42, 45, 46, 43], [53, 58, 57, 55, 59, 51, 56, 54, 50, 52], [62, 67, 69, 63, 66, 61, 60, 64, 65, 68], [75, 72, 76, 73, 79, 70, 74, 71, 78, 77], [81, 80, 86, 84, 88, 82, 87, 85, 89, 83], [92, 96, 99, 94, 91, 95, 98, 97, 93, 90]]\n",
      "After sorting blocks: [[0, 1, 2, 3, 4, 5, 6, 7, 8, 9], [10, 11, 12, 13, 14, 15, 16, 17, 18, 19], [20, 21, 22, 23, 24, 25, 26, 27, 28, 29], [30, 31, 32, 33, 34, 35, 36, 37, 38, 39], [40, 41, 42, 43, 44, 45, 46, 47, 48, 49], [50, 51, 52, 53, 54, 55, 56, 57, 58, 59], [60, 61, 62, 63, 64, 65, 66, 67, 68, 69], [70, 71, 72, 73, 74, 75, 76, 77, 78, 79], [80, 81, 82, 83, 84, 85, 86, 87, 88, 89], [90, 91, 92, 93, 94, 95, 96, 97, 98, 99]]\n",
      "Sorted array: [0, 1, 2, 3, 4, 5, 6, 7, 8, 9, 10, 11, 12, 13, 14, 15, 16, 17, 18, 19, 20, 21, 22, 23, 24, 25, 26, 27, 28, 29, 30, 31, 32, 33, 34, 35, 36, 37, 38, 39, 40, 41, 42, 43, 44, 45, 46, 47, 48, 49, 50, 51, 52, 53, 54, 55, 56, 57, 58, 59, 60, 61, 62, 63, 64, 65, 66, 67, 68, 69, 70, 71, 72, 73, 74, 75, 76, 77, 78, 79, 80, 81, 82, 83, 84, 85, 86, 87, 88, 89, 90, 91, 92, 93, 94, 95, 96, 97, 98, 99]\n",
      "Before sorting blocks: [[8, 3, 6, 7, 9, 1, 0, 4, 5, 2], [12, 13, 11, 17, 10, 14, 15, 18, 16, 19], [25, 20, 22, 21, 27, 23, 26, 24, 28, 29], [31, 30, 38, 36, 37, 35, 39, 33, 34, 32], [44, 42, 41, 46, 47, 45, 43, 40, 48, 49], [50, 55, 57, 53, 52, 58, 59, 54, 51, 56], [66, 65, 64, 67, 61, 69, 60, 68, 62, 63], [78, 70, 73, 74, 79, 77, 76, 71, 75, 72], [89, 84, 81, 86, 80, 82, 85, 87, 83, 88], [93, 98, 97, 91, 92, 90, 96, 94, 99, 95]]\n",
      "After sorting blocks: [[0, 1, 2, 3, 4, 5, 6, 7, 8, 9], [10, 11, 12, 13, 14, 15, 16, 17, 18, 19], [20, 21, 22, 23, 24, 25, 26, 27, 28, 29], [30, 31, 32, 33, 34, 35, 36, 37, 38, 39], [40, 41, 42, 43, 44, 45, 46, 47, 48, 49], [50, 51, 52, 53, 54, 55, 56, 57, 58, 59], [60, 61, 62, 63, 64, 65, 66, 67, 68, 69], [70, 71, 72, 73, 74, 75, 76, 77, 78, 79], [80, 81, 82, 83, 84, 85, 86, 87, 88, 89], [90, 91, 92, 93, 94, 95, 96, 97, 98, 99]]\n",
      "Sorted array: [0, 1, 2, 3, 4, 5, 6, 7, 8, 9, 10, 11, 12, 13, 14, 15, 16, 17, 18, 19, 20, 21, 22, 23, 24, 25, 26, 27, 28, 29, 30, 31, 32, 33, 34, 35, 36, 37, 38, 39, 40, 41, 42, 43, 44, 45, 46, 47, 48, 49, 50, 51, 52, 53, 54, 55, 56, 57, 58, 59, 60, 61, 62, 63, 64, 65, 66, 67, 68, 69, 70, 71, 72, 73, 74, 75, 76, 77, 78, 79, 80, 81, 82, 83, 84, 85, 86, 87, 88, 89, 90, 91, 92, 93, 94, 95, 96, 97, 98, 99]\n",
      "Before sorting blocks: [[3, 7, 1, 0, 5, 4, 2, 9, 6, 8], [10, 11, 17, 14, 15, 19, 16, 12, 13, 18], [22, 25, 23, 26, 28, 21, 29, 24, 20, 27], [36, 39, 31, 33, 32, 30, 38, 35, 37, 34], [47, 42, 41, 49, 40, 44, 46, 45, 48, 43], [55, 59, 51, 57, 56, 58, 54, 52, 50, 53], [68, 66, 67, 62, 65, 69, 64, 60, 61, 63], [70, 76, 77, 72, 78, 79, 74, 73, 75, 71], [86, 89, 80, 87, 84, 85, 83, 81, 82, 88], [95, 92, 93, 96, 97, 94, 91, 90, 98, 99]]\n",
      "After sorting blocks: [[0, 1, 2, 3, 4, 5, 6, 7, 8, 9], [10, 11, 12, 13, 14, 15, 16, 17, 18, 19], [20, 21, 22, 23, 24, 25, 26, 27, 28, 29], [30, 31, 32, 33, 34, 35, 36, 37, 38, 39], [40, 41, 42, 43, 44, 45, 46, 47, 48, 49], [50, 51, 52, 53, 54, 55, 56, 57, 58, 59], [60, 61, 62, 63, 64, 65, 66, 67, 68, 69], [70, 71, 72, 73, 74, 75, 76, 77, 78, 79], [80, 81, 82, 83, 84, 85, 86, 87, 88, 89], [90, 91, 92, 93, 94, 95, 96, 97, 98, 99]]\n",
      "Sorted array: [0, 1, 2, 3, 4, 5, 6, 7, 8, 9, 10, 11, 12, 13, 14, 15, 16, 17, 18, 19, 20, 21, 22, 23, 24, 25, 26, 27, 28, 29, 30, 31, 32, 33, 34, 35, 36, 37, 38, 39, 40, 41, 42, 43, 44, 45, 46, 47, 48, 49, 50, 51, 52, 53, 54, 55, 56, 57, 58, 59, 60, 61, 62, 63, 64, 65, 66, 67, 68, 69, 70, 71, 72, 73, 74, 75, 76, 77, 78, 79, 80, 81, 82, 83, 84, 85, 86, 87, 88, 89, 90, 91, 92, 93, 94, 95, 96, 97, 98, 99]\n",
      "Before sorting blocks: [[5, 6, 3, 8, 2, 4, 0, 1, 7, 9], [12, 19, 18, 14, 16, 15, 10, 11, 17, 13], [29, 20, 21, 22, 23, 25, 28, 26, 24, 27], [39, 36, 33, 37, 32, 30, 34, 38, 35, 31], [48, 41, 40, 45, 46, 49, 43, 42, 47, 44], [57, 58, 55, 53, 51, 56, 52, 54, 59, 50], [67, 63, 60, 68, 64, 69, 62, 61, 65, 66], [74, 72, 78, 73, 76, 75, 79, 70, 71, 77], [84, 88, 87, 82, 85, 80, 86, 83, 89, 81], [91, 95, 90, 98, 97, 94, 99, 93, 96, 92]]\n",
      "After sorting blocks: [[0, 1, 2, 3, 4, 5, 6, 7, 8, 9], [10, 11, 12, 13, 14, 15, 16, 17, 18, 19], [20, 21, 22, 23, 24, 25, 26, 27, 28, 29], [30, 31, 32, 33, 34, 35, 36, 37, 38, 39], [40, 41, 42, 43, 44, 45, 46, 47, 48, 49], [50, 51, 52, 53, 54, 55, 56, 57, 58, 59], [60, 61, 62, 63, 64, 65, 66, 67, 68, 69], [70, 71, 72, 73, 74, 75, 76, 77, 78, 79], [80, 81, 82, 83, 84, 85, 86, 87, 88, 89], [90, 91, 92, 93, 94, 95, 96, 97, 98, 99]]\n",
      "Sorted array: [0, 1, 2, 3, 4, 5, 6, 7, 8, 9, 10, 11, 12, 13, 14, 15, 16, 17, 18, 19, 20, 21, 22, 23, 24, 25, 26, 27, 28, 29, 30, 31, 32, 33, 34, 35, 36, 37, 38, 39, 40, 41, 42, 43, 44, 45, 46, 47, 48, 49, 50, 51, 52, 53, 54, 55, 56, 57, 58, 59, 60, 61, 62, 63, 64, 65, 66, 67, 68, 69, 70, 71, 72, 73, 74, 75, 76, 77, 78, 79, 80, 81, 82, 83, 84, 85, 86, 87, 88, 89, 90, 91, 92, 93, 94, 95, 96, 97, 98, 99]\n",
      "2024-07-03 18:48:00, BlockSort, 100, medio, 0.000000, 0.004087 MB\n"
     ]
    }
   ],
   "source": [
    "if __name__ == \"__main__\":\n",
    "    main()"
   ]
  },
  {
   "cell_type": "code",
   "execution_count": 35,
   "id": "41980f25",
   "metadata": {},
   "outputs": [
    {
     "name": "stdout",
     "output_type": "stream",
     "text": [
      "Time for distribution: 0.0000130000 seconds\n",
      "Before sorting blocks: [[0, 1, 2, 3], [4, 5, 6], [7, 8, 9]]\n",
      "Time for sorting blocks: 0.0000051000 seconds\n",
      "After sorting blocks: [[0, 1, 2, 3], [4, 5, 6], [7, 8, 9]]\n",
      "Time for concatenation: 0.0000074000 seconds\n",
      "Sorted array: [0, 1, 2, 3, 4, 5, 6, 7, 8, 9]\n",
      "2024-07-03 18:52:43, BlockSort, 10, melhor, 0.000513, 0.001277 MB\n",
      "Time for distribution: 0.0000131000 seconds\n",
      "Before sorting blocks: [[4, 3, 2, 1], [7, 6, 5], [10, 9, 8]]\n",
      "Time for sorting blocks: 0.0000047000 seconds\n",
      "After sorting blocks: [[1, 2, 3, 4], [5, 6, 7], [8, 9, 10]]\n",
      "Time for concatenation: 0.0000094000 seconds\n",
      "Sorted array: [1, 2, 3, 4, 5, 6, 7, 8, 9, 10]\n",
      "2024-07-03 18:52:43, BlockSort, 10, pior, 0.000554, 0.001219 MB\n",
      "Time for distribution: 0.0000073000 seconds\n",
      "Before sorting blocks: [[0, 2, 1, 3], [4, 6, 5], [8, 7, 9]]\n",
      "Time for sorting blocks: 0.0000041000 seconds\n",
      "After sorting blocks: [[0, 1, 2, 3], [4, 5, 6], [7, 8, 9]]\n",
      "Time for concatenation: 0.0000092000 seconds\n",
      "Sorted array: [0, 1, 2, 3, 4, 5, 6, 7, 8, 9]\n",
      "Time for distribution: 0.0000082000 seconds\n",
      "Before sorting blocks: [[3, 1, 0, 2], [6, 5, 4], [9, 7, 8]]\n",
      "Time for sorting blocks: 0.0000021000 seconds\n",
      "After sorting blocks: [[0, 1, 2, 3], [4, 5, 6], [7, 8, 9]]\n",
      "Time for concatenation: 0.0000041000 seconds\n",
      "Sorted array: [0, 1, 2, 3, 4, 5, 6, 7, 8, 9]\n",
      "Time for distribution: 0.0000055000 seconds\n",
      "Before sorting blocks: [[3, 0, 1, 2], [5, 6, 4], [7, 9, 8]]\n",
      "Time for sorting blocks: 0.0000030000 seconds\n",
      "After sorting blocks: [[0, 1, 2, 3], [4, 5, 6], [7, 8, 9]]\n",
      "Time for concatenation: 0.0000046000 seconds\n",
      "Sorted array: [0, 1, 2, 3, 4, 5, 6, 7, 8, 9]\n",
      "Time for distribution: 0.0000036000 seconds\n",
      "Before sorting blocks: [[0, 1, 2, 3], [4, 6, 5], [7, 8, 9]]\n",
      "Time for sorting blocks: 0.0000019000 seconds\n",
      "After sorting blocks: [[0, 1, 2, 3], [4, 5, 6], [7, 8, 9]]\n",
      "Time for concatenation: 0.0000042000 seconds\n",
      "Sorted array: [0, 1, 2, 3, 4, 5, 6, 7, 8, 9]\n",
      "Time for distribution: 0.0000057000 seconds\n",
      "Before sorting blocks: [[3, 0, 2, 1], [6, 5, 4], [8, 9, 7]]\n",
      "Time for sorting blocks: 0.0000033000 seconds\n",
      "After sorting blocks: [[0, 1, 2, 3], [4, 5, 6], [7, 8, 9]]\n",
      "Time for concatenation: 0.0000049000 seconds\n",
      "Sorted array: [0, 1, 2, 3, 4, 5, 6, 7, 8, 9]\n",
      "2024-07-03 18:52:43, BlockSort, 10, medio, 0.000324, 0.001466 MB\n",
      "Time for distribution: 0.0000371000 seconds\n",
      "Before sorting blocks: [[0, 1, 2, 3, 4, 5, 6, 7], [8, 9, 10, 11, 12, 13, 14], [15, 16, 17, 18, 19, 20, 21], [22, 23, 24, 25, 26, 27, 28], [29, 30, 31, 32, 33, 34, 35], [36, 37, 38, 39, 40, 41, 42], [43, 44, 45, 46, 47, 48, 49]]\n",
      "Time for sorting blocks: 0.0000046000 seconds\n",
      "After sorting blocks: [[0, 1, 2, 3, 4, 5, 6, 7], [8, 9, 10, 11, 12, 13, 14], [15, 16, 17, 18, 19, 20, 21], [22, 23, 24, 25, 26, 27, 28], [29, 30, 31, 32, 33, 34, 35], [36, 37, 38, 39, 40, 41, 42], [43, 44, 45, 46, 47, 48, 49]]\n",
      "Time for concatenation: 0.0000095000 seconds\n",
      "Sorted array: [0, 1, 2, 3, 4, 5, 6, 7, 8, 9, 10, 11, 12, 13, 14, 15, 16, 17, 18, 19, 20, 21, 22, 23, 24, 25, 26, 27, 28, 29, 30, 31, 32, 33, 34, 35, 36, 37, 38, 39, 40, 41, 42, 43, 44, 45, 46, 47, 48, 49]\n",
      "2024-07-03 18:52:43, BlockSort, 50, melhor, 0.001025, 0.002970 MB\n",
      "Time for distribution: 0.0000664000 seconds\n",
      "Before sorting blocks: [[8, 7, 6, 5, 4, 3, 2, 1], [15, 14, 13, 12, 11, 10, 9], [22, 21, 20, 19, 18, 17, 16], [29, 28, 27, 26, 25, 24, 23], [36, 35, 34, 33, 32, 31, 30], [43, 42, 41, 40, 39, 38, 37], [50, 49, 48, 47, 46, 45, 44]]\n",
      "Time for sorting blocks: 0.0000152000 seconds\n",
      "After sorting blocks: [[1, 2, 3, 4, 5, 6, 7, 8], [9, 10, 11, 12, 13, 14, 15], [16, 17, 18, 19, 20, 21, 22], [23, 24, 25, 26, 27, 28, 29], [30, 31, 32, 33, 34, 35, 36], [37, 38, 39, 40, 41, 42, 43], [44, 45, 46, 47, 48, 49, 50]]\n",
      "Time for concatenation: 0.0000228000 seconds\n",
      "Sorted array: [1, 2, 3, 4, 5, 6, 7, 8, 9, 10, 11, 12, 13, 14, 15, 16, 17, 18, 19, 20, 21, 22, 23, 24, 25, 26, 27, 28, 29, 30, 31, 32, 33, 34, 35, 36, 37, 38, 39, 40, 41, 42, 43, 44, 45, 46, 47, 48, 49, 50]\n",
      "2024-07-03 18:52:43, BlockSort, 50, pior, 0.001378, 0.003126 MB\n",
      "Time for distribution: 0.0000752000 seconds\n",
      "Before sorting blocks: [[7, 6, 3, 1, 4, 2, 0, 5], [11, 13, 12, 10, 14, 9, 8], [19, 15, 20, 17, 16, 18, 21], [27, 22, 25, 23, 28, 26, 24], [31, 33, 35, 34, 30, 32, 29], [38, 40, 39, 37, 42, 41, 36], [48, 44, 49, 46, 43, 45, 47]]\n",
      "Time for sorting blocks: 0.0000097000 seconds\n",
      "After sorting blocks: [[0, 1, 2, 3, 4, 5, 6, 7], [8, 9, 10, 11, 12, 13, 14], [15, 16, 17, 18, 19, 20, 21], [22, 23, 24, 25, 26, 27, 28], [29, 30, 31, 32, 33, 34, 35], [36, 37, 38, 39, 40, 41, 42], [43, 44, 45, 46, 47, 48, 49]]\n",
      "Time for concatenation: 0.0000139000 seconds\n",
      "Sorted array: [0, 1, 2, 3, 4, 5, 6, 7, 8, 9, 10, 11, 12, 13, 14, 15, 16, 17, 18, 19, 20, 21, 22, 23, 24, 25, 26, 27, 28, 29, 30, 31, 32, 33, 34, 35, 36, 37, 38, 39, 40, 41, 42, 43, 44, 45, 46, 47, 48, 49]\n",
      "Time for distribution: 0.0000440000 seconds\n",
      "Before sorting blocks: [[4, 6, 5, 1, 3, 7, 0, 2], [8, 9, 11, 12, 10, 14, 13], [16, 18, 15, 17, 21, 20, 19], [24, 27, 26, 23, 25, 28, 22], [31, 34, 35, 29, 32, 30, 33], [37, 42, 40, 39, 41, 36, 38], [47, 46, 43, 44, 48, 49, 45]]\n",
      "Time for sorting blocks: 0.0000087000 seconds\n",
      "After sorting blocks: [[0, 1, 2, 3, 4, 5, 6, 7], [8, 9, 10, 11, 12, 13, 14], [15, 16, 17, 18, 19, 20, 21], [22, 23, 24, 25, 26, 27, 28], [29, 30, 31, 32, 33, 34, 35], [36, 37, 38, 39, 40, 41, 42], [43, 44, 45, 46, 47, 48, 49]]\n",
      "Time for concatenation: 0.0000132000 seconds\n",
      "Sorted array: [0, 1, 2, 3, 4, 5, 6, 7, 8, 9, 10, 11, 12, 13, 14, 15, 16, 17, 18, 19, 20, 21, 22, 23, 24, 25, 26, 27, 28, 29, 30, 31, 32, 33, 34, 35, 36, 37, 38, 39, 40, 41, 42, 43, 44, 45, 46, 47, 48, 49]\n",
      "Time for distribution: 0.0000385000 seconds\n",
      "Before sorting blocks: [[3, 5, 4, 1, 7, 2, 6, 0], [12, 13, 8, 10, 9, 14, 11], [18, 20, 15, 16, 19, 17, 21], [28, 22, 23, 24, 26, 27, 25], [29, 34, 35, 30, 31, 33, 32], [41, 38, 39, 36, 42, 37, 40], [46, 43, 45, 49, 47, 44, 48]]\n",
      "Time for sorting blocks: 0.0000117000 seconds\n",
      "After sorting blocks: [[0, 1, 2, 3, 4, 5, 6, 7], [8, 9, 10, 11, 12, 13, 14], [15, 16, 17, 18, 19, 20, 21], [22, 23, 24, 25, 26, 27, 28], [29, 30, 31, 32, 33, 34, 35], [36, 37, 38, 39, 40, 41, 42], [43, 44, 45, 46, 47, 48, 49]]\n",
      "Time for concatenation: 0.0000117000 seconds\n",
      "Sorted array: [0, 1, 2, 3, 4, 5, 6, 7, 8, 9, 10, 11, 12, 13, 14, 15, 16, 17, 18, 19, 20, 21, 22, 23, 24, 25, 26, 27, 28, 29, 30, 31, 32, 33, 34, 35, 36, 37, 38, 39, 40, 41, 42, 43, 44, 45, 46, 47, 48, 49]\n",
      "Time for distribution: 0.0000343000 seconds\n",
      "Before sorting blocks: [[0, 7, 4, 5, 6, 2, 3, 1], [11, 9, 12, 8, 10, 13, 14], [16, 18, 17, 19, 21, 20, 15], [22, 27, 28, 26, 23, 24, 25], [32, 33, 30, 29, 34, 35, 31], [37, 40, 36, 42, 41, 39, 38], [48, 47, 49, 45, 46, 44, 43]]\n",
      "Time for sorting blocks: 0.0000048000 seconds\n",
      "After sorting blocks: [[0, 1, 2, 3, 4, 5, 6, 7], [8, 9, 10, 11, 12, 13, 14], [15, 16, 17, 18, 19, 20, 21], [22, 23, 24, 25, 26, 27, 28], [29, 30, 31, 32, 33, 34, 35], [36, 37, 38, 39, 40, 41, 42], [43, 44, 45, 46, 47, 48, 49]]\n",
      "Time for concatenation: 0.0000108000 seconds\n",
      "Sorted array: [0, 1, 2, 3, 4, 5, 6, 7, 8, 9, 10, 11, 12, 13, 14, 15, 16, 17, 18, 19, 20, 21, 22, 23, 24, 25, 26, 27, 28, 29, 30, 31, 32, 33, 34, 35, 36, 37, 38, 39, 40, 41, 42, 43, 44, 45, 46, 47, 48, 49]\n",
      "Time for distribution: 0.0000349000 seconds\n",
      "Before sorting blocks: [[0, 3, 1, 2, 4, 7, 5, 6], [11, 12, 9, 10, 8, 14, 13], [21, 19, 16, 17, 15, 20, 18], [28, 24, 26, 22, 23, 25, 27], [31, 29, 32, 34, 35, 33, 30], [42, 36, 41, 39, 37, 40, 38], [45, 47, 44, 48, 46, 43, 49]]\n",
      "Time for sorting blocks: 0.0000027000 seconds\n",
      "After sorting blocks: [[0, 1, 2, 3, 4, 5, 6, 7], [8, 9, 10, 11, 12, 13, 14], [15, 16, 17, 18, 19, 20, 21], [22, 23, 24, 25, 26, 27, 28], [29, 30, 31, 32, 33, 34, 35], [36, 37, 38, 39, 40, 41, 42], [43, 44, 45, 46, 47, 48, 49]]\n",
      "Time for concatenation: 0.0000063000 seconds\n",
      "Sorted array: [0, 1, 2, 3, 4, 5, 6, 7, 8, 9, 10, 11, 12, 13, 14, 15, 16, 17, 18, 19, 20, 21, 22, 23, 24, 25, 26, 27, 28, 29, 30, 31, 32, 33, 34, 35, 36, 37, 38, 39, 40, 41, 42, 43, 44, 45, 46, 47, 48, 49]\n",
      "2024-07-03 18:52:43, BlockSort, 50, medio, 0.001055, 0.002933 MB\n",
      "Time for distribution: 0.0001672000 seconds\n",
      "Before sorting blocks: [[0, 1, 2, 3, 4, 5, 6, 7, 8, 9], [10, 11, 12, 13, 14, 15, 16, 17, 18, 19], [20, 21, 22, 23, 24, 25, 26, 27, 28, 29], [30, 31, 32, 33, 34, 35, 36, 37, 38, 39], [40, 41, 42, 43, 44, 45, 46, 47, 48, 49], [50, 51, 52, 53, 54, 55, 56, 57, 58, 59], [60, 61, 62, 63, 64, 65, 66, 67, 68, 69], [70, 71, 72, 73, 74, 75, 76, 77, 78, 79], [80, 81, 82, 83, 84, 85, 86, 87, 88, 89], [90, 91, 92, 93, 94, 95, 96, 97, 98, 99]]\n",
      "Time for sorting blocks: 0.0000030000 seconds\n",
      "After sorting blocks: [[0, 1, 2, 3, 4, 5, 6, 7, 8, 9], [10, 11, 12, 13, 14, 15, 16, 17, 18, 19], [20, 21, 22, 23, 24, 25, 26, 27, 28, 29], [30, 31, 32, 33, 34, 35, 36, 37, 38, 39], [40, 41, 42, 43, 44, 45, 46, 47, 48, 49], [50, 51, 52, 53, 54, 55, 56, 57, 58, 59], [60, 61, 62, 63, 64, 65, 66, 67, 68, 69], [70, 71, 72, 73, 74, 75, 76, 77, 78, 79], [80, 81, 82, 83, 84, 85, 86, 87, 88, 89], [90, 91, 92, 93, 94, 95, 96, 97, 98, 99]]\n",
      "Time for concatenation: 0.0000125000 seconds\n",
      "Sorted array: [0, 1, 2, 3, 4, 5, 6, 7, 8, 9, 10, 11, 12, 13, 14, 15, 16, 17, 18, 19, 20, 21, 22, 23, 24, 25, 26, 27, 28, 29, 30, 31, 32, 33, 34, 35, 36, 37, 38, 39, 40, 41, 42, 43, 44, 45, 46, 47, 48, 49, 50, 51, 52, 53, 54, 55, 56, 57, 58, 59, 60, 61, 62, 63, 64, 65, 66, 67, 68, 69, 70, 71, 72, 73, 74, 75, 76, 77, 78, 79, 80, 81, 82, 83, 84, 85, 86, 87, 88, 89, 90, 91, 92, 93, 94, 95, 96, 97, 98, 99]\n",
      "2024-07-03 18:52:43, BlockSort, 100, melhor, 0.001806, 0.004171 MB\n",
      "Time for distribution: 0.0001553000 seconds\n",
      "Before sorting blocks: [[10, 9, 8, 7, 6, 5, 4, 3, 2, 1], [20, 19, 18, 17, 16, 15, 14, 13, 12, 11], [30, 29, 28, 27, 26, 25, 24, 23, 22, 21], [40, 39, 38, 37, 36, 35, 34, 33, 32, 31], [50, 49, 48, 47, 46, 45, 44, 43, 42, 41], [60, 59, 58, 57, 56, 55, 54, 53, 52, 51], [70, 69, 68, 67, 66, 65, 64, 63, 62, 61], [80, 79, 78, 77, 76, 75, 74, 73, 72, 71], [90, 89, 88, 87, 86, 85, 84, 83, 82, 81], [100, 99, 98, 97, 96, 95, 94, 93, 92, 91]]\n",
      "Time for sorting blocks: 0.0000029000 seconds\n",
      "After sorting blocks: [[1, 2, 3, 4, 5, 6, 7, 8, 9, 10], [11, 12, 13, 14, 15, 16, 17, 18, 19, 20], [21, 22, 23, 24, 25, 26, 27, 28, 29, 30], [31, 32, 33, 34, 35, 36, 37, 38, 39, 40], [41, 42, 43, 44, 45, 46, 47, 48, 49, 50], [51, 52, 53, 54, 55, 56, 57, 58, 59, 60], [61, 62, 63, 64, 65, 66, 67, 68, 69, 70], [71, 72, 73, 74, 75, 76, 77, 78, 79, 80], [81, 82, 83, 84, 85, 86, 87, 88, 89, 90], [91, 92, 93, 94, 95, 96, 97, 98, 99, 100]]\n",
      "Time for concatenation: 0.0000131000 seconds\n",
      "Sorted array: [1, 2, 3, 4, 5, 6, 7, 8, 9, 10, 11, 12, 13, 14, 15, 16, 17, 18, 19, 20, 21, 22, 23, 24, 25, 26, 27, 28, 29, 30, 31, 32, 33, 34, 35, 36, 37, 38, 39, 40, 41, 42, 43, 44, 45, 46, 47, 48, 49, 50, 51, 52, 53, 54, 55, 56, 57, 58, 59, 60, 61, 62, 63, 64, 65, 66, 67, 68, 69, 70, 71, 72, 73, 74, 75, 76, 77, 78, 79, 80, 81, 82, 83, 84, 85, 86, 87, 88, 89, 90, 91, 92, 93, 94, 95, 96, 97, 98, 99, 100]\n",
      "2024-07-03 18:52:43, BlockSort, 100, pior, 0.001419, 0.005949 MB\n",
      "Time for distribution: 0.0001533000 seconds\n",
      "Before sorting blocks: [[3, 1, 5, 2, 8, 0, 7, 6, 9, 4], [18, 14, 10, 12, 13, 15, 17, 16, 19, 11], [22, 26, 25, 23, 28, 27, 24, 29, 20, 21], [33, 38, 39, 32, 31, 37, 35, 36, 34, 30], [45, 44, 46, 42, 48, 49, 40, 47, 41, 43], [55, 51, 50, 54, 56, 53, 58, 59, 57, 52], [66, 62, 64, 67, 61, 60, 65, 69, 63, 68], [78, 74, 79, 77, 71, 73, 72, 76, 75, 70], [88, 82, 87, 86, 83, 89, 85, 84, 81, 80], [92, 98, 96, 91, 95, 94, 97, 93, 90, 99]]\n",
      "Time for sorting blocks: 0.0000075000 seconds\n",
      "After sorting blocks: [[0, 1, 2, 3, 4, 5, 6, 7, 8, 9], [10, 11, 12, 13, 14, 15, 16, 17, 18, 19], [20, 21, 22, 23, 24, 25, 26, 27, 28, 29], [30, 31, 32, 33, 34, 35, 36, 37, 38, 39], [40, 41, 42, 43, 44, 45, 46, 47, 48, 49], [50, 51, 52, 53, 54, 55, 56, 57, 58, 59], [60, 61, 62, 63, 64, 65, 66, 67, 68, 69], [70, 71, 72, 73, 74, 75, 76, 77, 78, 79], [80, 81, 82, 83, 84, 85, 86, 87, 88, 89], [90, 91, 92, 93, 94, 95, 96, 97, 98, 99]]\n",
      "Time for concatenation: 0.0000116000 seconds\n",
      "Sorted array: [0, 1, 2, 3, 4, 5, 6, 7, 8, 9, 10, 11, 12, 13, 14, 15, 16, 17, 18, 19, 20, 21, 22, 23, 24, 25, 26, 27, 28, 29, 30, 31, 32, 33, 34, 35, 36, 37, 38, 39, 40, 41, 42, 43, 44, 45, 46, 47, 48, 49, 50, 51, 52, 53, 54, 55, 56, 57, 58, 59, 60, 61, 62, 63, 64, 65, 66, 67, 68, 69, 70, 71, 72, 73, 74, 75, 76, 77, 78, 79, 80, 81, 82, 83, 84, 85, 86, 87, 88, 89, 90, 91, 92, 93, 94, 95, 96, 97, 98, 99]\n",
      "Time for distribution: 0.0001762000 seconds\n",
      "Before sorting blocks: [[2, 5, 8, 1, 9, 7, 3, 4, 0, 6], [10, 19, 15, 14, 11, 16, 17, 12, 18, 13], [24, 26, 21, 29, 23, 20, 27, 28, 25, 22], [31, 32, 37, 35, 30, 39, 33, 36, 38, 34], [45, 49, 40, 42, 44, 47, 46, 48, 41, 43], [56, 50, 58, 57, 53, 52, 59, 55, 51, 54], [69, 66, 63, 68, 62, 61, 67, 60, 65, 64], [72, 76, 73, 71, 77, 70, 74, 75, 79, 78], [84, 82, 87, 89, 86, 88, 81, 80, 83, 85], [97, 90, 93, 92, 99, 98, 95, 94, 91, 96]]\n",
      "Time for sorting blocks: 0.0000075000 seconds\n",
      "After sorting blocks: [[0, 1, 2, 3, 4, 5, 6, 7, 8, 9], [10, 11, 12, 13, 14, 15, 16, 17, 18, 19], [20, 21, 22, 23, 24, 25, 26, 27, 28, 29], [30, 31, 32, 33, 34, 35, 36, 37, 38, 39], [40, 41, 42, 43, 44, 45, 46, 47, 48, 49], [50, 51, 52, 53, 54, 55, 56, 57, 58, 59], [60, 61, 62, 63, 64, 65, 66, 67, 68, 69], [70, 71, 72, 73, 74, 75, 76, 77, 78, 79], [80, 81, 82, 83, 84, 85, 86, 87, 88, 89], [90, 91, 92, 93, 94, 95, 96, 97, 98, 99]]\n",
      "Time for concatenation: 0.0000176000 seconds\n",
      "Sorted array: [0, 1, 2, 3, 4, 5, 6, 7, 8, 9, 10, 11, 12, 13, 14, 15, 16, 17, 18, 19, 20, 21, 22, 23, 24, 25, 26, 27, 28, 29, 30, 31, 32, 33, 34, 35, 36, 37, 38, 39, 40, 41, 42, 43, 44, 45, 46, 47, 48, 49, 50, 51, 52, 53, 54, 55, 56, 57, 58, 59, 60, 61, 62, 63, 64, 65, 66, 67, 68, 69, 70, 71, 72, 73, 74, 75, 76, 77, 78, 79, 80, 81, 82, 83, 84, 85, 86, 87, 88, 89, 90, 91, 92, 93, 94, 95, 96, 97, 98, 99]\n",
      "Time for distribution: 0.0001822000 seconds\n",
      "Before sorting blocks: [[0, 8, 6, 2, 4, 7, 9, 1, 3, 5], [10, 11, 17, 14, 16, 15, 12, 18, 13, 19], [29, 22, 26, 24, 21, 28, 23, 20, 25, 27], [33, 32, 34, 38, 37, 30, 39, 31, 36, 35], [42, 40, 47, 45, 46, 41, 43, 49, 44, 48], [54, 56, 53, 58, 51, 50, 55, 57, 59, 52], [64, 66, 67, 60, 63, 65, 69, 61, 68, 62], [71, 77, 72, 73, 79, 78, 75, 70, 76, 74], [87, 81, 85, 84, 88, 83, 80, 86, 82, 89], [99, 93, 97, 91, 95, 98, 94, 92, 90, 96]]\n",
      "Time for sorting blocks: 0.0000074000 seconds\n",
      "After sorting blocks: [[0, 1, 2, 3, 4, 5, 6, 7, 8, 9], [10, 11, 12, 13, 14, 15, 16, 17, 18, 19], [20, 21, 22, 23, 24, 25, 26, 27, 28, 29], [30, 31, 32, 33, 34, 35, 36, 37, 38, 39], [40, 41, 42, 43, 44, 45, 46, 47, 48, 49], [50, 51, 52, 53, 54, 55, 56, 57, 58, 59], [60, 61, 62, 63, 64, 65, 66, 67, 68, 69], [70, 71, 72, 73, 74, 75, 76, 77, 78, 79], [80, 81, 82, 83, 84, 85, 86, 87, 88, 89], [90, 91, 92, 93, 94, 95, 96, 97, 98, 99]]\n",
      "Time for concatenation: 0.0000172000 seconds\n",
